3785
8479
9214
3494
9652
7010
6200
9331
1437
6913
8608
4031
7513
6035
4111
6569
3745
4324
1094
9887
5860
6598
3514
8494
1785
3573
5347
4554
5088
5341
6860
108
7081
6518
7484
3230
6816
5975
4628
7678
5902
3969
1926
5912
8963
5639
723
6693
9341
2277
5274
8234
2824
6294
5187
5821
8254
8310
1165
6545
9168
2666
1333
7438
7736
1445
1626
2218
4557
7633
5680
3343
1504
1705
4007
424
7155
3539
7710
8868
7981
6390
6053
5276
2214
1209
4264
1134
4558
2374
6659
7750
4019
6886
3971
1472
3676
7687
8183
8108
