3.317885413669208
-1.589538596371179
1.141659948704598
-0.152340138276269
2.065124240835018
-4.309115541349373
6.296937226103744
-1.685764863271724
4.525747872669822
-0.98323439398226
4.371277500284884
-3.112014176542564
1.202733249530218
-2.91800879826132
-4.834744231886749
-0.722710063068144
2.995252494694825
-1.816983687115555
3.356585406079384
1.922043353643245
2.714971412038612
5.051930614831748
-0.436889309451883
2.600153095781264
3.796574317806812
6.303858764615748
1.907570452228402
3.989764599321253
-3.107288233407365
-2.098578867694899
4.069729041089893
1.636336136730635
3.349800284879542
5.832704780415979
-2.143562576632486
-3.076894849482906
-0.966528696925585
1.912629477488993
5.535370889655505
-0.705701668268195
2.273632853414643
-3.752794039687534
-0.222404838085092
0.796742633842836
-0.240374365190154
-1.558718183175765
4.778912761442888
-0.0519849550117
2.559479971568957
-3.327865191254738
2.047055685826686
4.396544466117385
2.086138521215238
-3.207392977924196
3.428416935364293
3.893062817011931
-2.813588468993879
-3.113129035500882
-4.562028933552784
-1.028258128242185
3.124646876169727
-0.825572422075326
3.777706393224618
-0.429204359731939
6.887355440256242
3.98854149708968
-0.717805483228244
2.850052447808879
-1.271353770995636
-4.599298954513375
-4.396757250670614
-3.841213455016407
4.66603615320331
1.427919425770301
-1.06985274580454
1.36640013723742
5.775624108810266
4.821864761671921
2.355082028763762
-1.90450201395422
2.816005944158206
2.211011571979932
-2.187744744252953
0.048593236704681
-2.186088485224786
6.21961873357537
5.435359165415979
4.84664813194278
1.80284416853341
-4.456968299084188
-3.910770054644465
-1.71434825441269
-2.133069408507498
-2.025769686215378
3.327434686848098
-0.21535724579329
-3.502919139612076
-1.453957114195937
3.069564313913798
-0.619665796456892
2.730557194823585
5.351086966965624
-1.83496661619876
1.571058252140491
2.918409240688794
1.455179928438549
-2.167766720822569
5.36803326472338
3.951760204064429
-5.34463667315892
-0.384505367480642
-4.976285607325826
-1.710401226851968
3.157011671480396
-2.975435272125177
-5.007026839388557
4.662558005763991
4.080018882246665
0.100180794562061
-0.989379961906238
-1.84066132272223
-0.092529873417342
-0.663904800896666
-0.613747616674996
-5.982738940076684
-5.124988322622762
-4.942976665163386
-5.995331096705669
5.00389087703938
-1.894345527267082
-2.541340160824265
1.451502637954822
1.837200402284308
-2.344829509076927
2.44298745361262
-5.339362587713861
-1.391658616371195
-4.270489315582491
-4.290947309960584
0.016540009907487
2.080840906301954
-5.92127296577994
-4.28605844445727
-5.120264013400294
1.637053360249703
-4.321295804812821
-3.248042328519225
1.785389916080775
-3.7601714794413
-1.210732330847605
-3.146676198587939
1.20106544537157
3.187945001533159
3.65678658583602
-6.076364935207967
-1.637727374144863
1.721601084958643
1.49774088624782
5.280544193631001
-3.643259565987448
-0.381777838969488
-6.103662914824401
2.593469589010234
3.527182230372719
1.976465600441025
0.94780495075158
-3.639892814977528
-1.296403703471185
3.776076827982486
2.744155515534619
2.388149322981961
-4.249846304670889
-3.933483847272012
-0.085116912423775
-5.402730085945898
-1.335476642664498
-4.63260635138298
3.512959540053215
0.698222031894576
-0.521491584706217
1.790467300127188
2.31487998354933
-1.564528207833469
-0.754581126185471
-3.904822637036992
-1.750960018166193
0.214114065220856
-3.880596881213238
1.682335493859922
0.420832010904489
-3.886509277311775
2.56740476406599
5.230481265510988
-0.668766558412751
3.358844294452826
-4.488887086625218
-3.01930920275082
-1.909795499735966
-1.351138316883716
2.940826817063928
-1.2290787270698
-1.175561841572027
4.269550426453209
6.059718580108083
-3.90615819949723
2.648802662124947
-0.433759016568782
-1.657091870426818
1.029102682763744
2.567522744651058
-1.775014875249661
3.487340405690616
-2.197011020084309
0.304679972452886
4.308632646778499
3.640620113116515
0.232361935968444
3.648284991033018
3.254666889107772
5.611605847768485
1.524723731623326
-3.460814459232512
-4.298447102996414
0.302202212745608
-2.883219674084661
2.547048942503698
6.238278846764139
3.337860853521769
-2.942421653963336
1.511700163082514
1.617939825651395
4.394124470935154
5.666255604406281
5.115306949651314
1.565460561898373
3.055146600949989
-3.016063147390778
3.378156932446696
1.950251829176316
-2.41670593764839
2.888815916668852
-2.319923236066642
-3.504287096438635
2.930329969797842
0.835532322470499
-4.939731526968595
5.530435949377523
-4.296291104033113
-1.968315869536972
3.542507595691331
1.54533727194222
1.827404183986445
5.13075072007264
0.328178467652132
2.848049121064375
2.027253681354672
6.947290761009973
-3.063258185818864
-1.43338824294121
-3.41461533153473
-1.186597074233184
3.537035288976648
1.224782118674218
0.874714834880192
1.670863969705394
0.495867690973922
5.277989544859546
0.740224185729665
6.472401723332992
4.198813792156494
0.691492024514422
1.499381987177301
-0.303764294018422
-2.722800264907244
2.509647708165152
4.22211015456873
4.10882655481273
2.639965993232461
3.869659554703254
-2.495924647891931
-3.479971582102504
-1.368997859260174
-0.527126705712191
5.526603929051802
-2.070915158183026
-0.948681140840506
1.656288894365214
-2.383954097976317
3.765710687629243
3.298826006078593
4.39649333776267
-3.224702116651672
4.196526566726545
2.965198078129944
-2.931191161298371
-2.379007146855058
2.674751496848299
-1.142230163729825
-5.162209192640018
1.531817587707108
-1.757586977263608
-4.652901171450526
-2.453925681075324
-3.609033613862114
3.440455366739399
0.991730402716241
4.310750691281399
-2.814927741672019
-2.406138038799065
0.191695372162566
-5.302857379204863
-2.193332966197671
1.231163810709784
-2.972266829993413
-6.496232753900215
4.50469394618283
-0.007706584568771
-3.345982523121834
4.320062833911764
2.795618957772848
1.837736344853224
-0.652342576080893
1.092763686659591
1.310203109230382
-1.626945708516036
-4.49936594275883
-1.990558853110589
1.519318071694708
1.293456411514773
2.343307333106013
-1.052720658422684
0.558499074884488
1.910816230958265
4.671302156588693
-1.434290896099323
-1.999568199085287
-0.552362575693385
-7.72149669204071
-6.146585479533686
-4.958248521969727
3.21922444215852
0.172586206609878
0.85048089911009
-1.265711526894889
1.090928557831213
-2.651092470047612
-2.434119086369105
3.108041984283578
0.628728609004658
-2.772140741917326
-5.078357692490971
2.968383055096272
-1.332129344525359
2.168267990139509
1.925996090974719
-6.140674944544516
-1.691552272665832
-1.045039784637295
-2.293927519213552
-1.884558518705401
3.781911775324837
5.412069076966948
3.861123645918008
0.052658843198286
-3.135770428375261
1.937907985659557
-0.136672699775624
-1.792770141808099
2.822042382444479
-0.405292196125108
-2.089009454719649
-3.329707695977262
0.153488810689652
4.876088133043046
-5.602725827764301
-0.861398915342657
-5.332929948953138
-0.585789031383402
3.981935681354115
1.541853323279462
-0.969699619660704
-4.737924606978977
-5.522673038597948
-2.030175401606643
1.367298546908218
0.708954574443428
-1.368747322722724
3.568228725222402
-1.978157568471451
1.48782614713556
0.483443022614893
5.682912456988575
2.16565884173407
-0.381520820399461
0.64105089762797
2.178820038959195
5.676409533135434
3.496271597769868
-3.539879371891777
0.933144654137363
0.017340045241087
0.209755661432165
-3.640771470645256
1.262336102408821
-0.109126233558697
-2.862512840682348
1.787145577151654
-3.725003994956536
4.401084866045021
0.290646703525671
4.021888987453512
-3.203075203366022
5.850891851573882
-3.197209364189112
1.358698273378172
-5.089142492577661
-0.692598673747918
0.264684029378262
-1.335440936755829
0.456564426353243
4.457320063545038
-0.934308101673881
-0.915248387639196
-2.698394967909858
-4.550597750081446
-6.0444235423754
-0.018689102657104
2.077808031544128
0.943208101353046
0.566281035479065
6.494064053881715
6.072999394016856
-4.536583019844092
4.212187779845108
-4.907953722888953
-0.800794851095041
2.196419610467388
-1.875248198009736
-2.324246538770866
2.46284482077565
-1.642468452762356
-4.846327130190412
4.434036560829645
1.763466483456944
1.708039951630378
-1.056800964122662
1.4543949563212
4.882246533921552
-2.312372974763042
-3.830995236373402
2.340170547970612
4.713159140425585
-1.756505745411603
0.874055913315399
-0.207314788828437
0.489219954149782
4.195385710229084
-0.912585382468034
5.969666244354499
0.966961292292891
1.726589825273071
-2.57856219979977
-1.476365516362688
-0.745375237456779
-1.573704015766809
-3.599489503953117
1.095561927291991
5.380312845532758
2.226187566791068
1.474082213654444
3.397330824715696
-3.498750224931184
-2.256898981261147
1.201231363219925
6.396374766669194
4.097448643654466
-3.534141119809573
4.137270470772294
2.003346369269987
-1.489435284605356
-0.3886967047366
-1.774777756442235
3.33608479146589
-2.538528147442268
3.603290466086328
-0.464719555941819
-5.269408126663857
2.86497239674234
-3.919580065997129
0.706788754144914
0.734969745019951
0.662817241529668
-1.909435206883593
-5.170896774765159
-0.829001727470322
-4.036516664271733
1.03596255903506
5.374503346313642
-0.459579902750661
-1.012121278976205
3.055469793289031
5.316038743453458
-2.47407835305954
-4.791147092254384
4.907257524310027
2.286441381927071
-1.697458501060969
1.298310145612866
4.250465271344925
0.416325975359474
0.213115952277499
-2.177536642443892
-6.217673501074698
0.4487580156062
-2.891367735920832
-4.440858705614113
-3.392073320460182
1.010406149051088
-3.576504647919409
-3.605915779769831
2.212542205860016
-4.370011828671506
1.798355318058979
-4.525576413950038
-1.24415946812465
-0.104346922235541
1.875775670237742
3.28588594961152
-2.080218091716244
0.898642611354062
3.760590019452662
4.821859853768392
-0.261628661444709
0.704590991152933
1.818775248713674
-2.515368534892488
-0.844474421541609
-5.664269857879784
-1.2682561056941
1.052652045255316
0.270299260993444
-0.878925908894821
3.630789067325323
-0.769437408399209
-2.381774032925387
2.247551312193595
-2.088913897460063
-2.951241078169867
-2.109581118053818
-1.018253793264305
-4.532365467777987
-3.428433905568387
-0.391499453300413
0.915066596524769
-4.145633999101182
-4.640286652294746
0.765664564495794
1.390852004297961
1.672208349910236
-3.312035810318964
-0.60667494709904
-0.230195134607955
2.447826052516399
1.68093443018632
4.832942304002444
-3.978022703633696
3.04376109019507
-0.038587863839224
-4.928108007545574
-0.840324032830902
-1.846019257886258
2.495476115956092
-4.138153318529491
-5.307742748907041
-0.823482914945361
-3.5279832253668
-3.967958611540374
1.131685714248116
-1.228947355352418
2.369243873685096
0.701469728720526
0.568150952620814
-3.778467785817854
-2.941287872168972
2.982517082592204
0.348254210130734
0.113038947748262
-1.245778891008928
0.265658743648322
-4.413960503136997
3.984746440152462
-2.927504958711333
-3.607324536960597
2.43890875649935
2.448608261462476
-3.081208319383316
2.273845989664026
-5.062123131625516
0.510612079769377
3.849175738183956
-1.874565740390415
1.286301946330398
-2.46888009409523
-2.700400696148264
-3.495273902886219
3.639665634123597
0.098951240071556
0.569303192065505
-4.40643966899272
3.69432539720981
0.954965515295123
-2.538207127040345
0.88665002118483
-4.494431859271414
-0.142680348022511
4.187737470277928
-3.004746663900982
4.081931719437342
0.920598372848338
4.606896123368868
-2.320758703820102
-0.268075808980428
-1.645423227759196
-0.218074407208909
6.279849503180038
4.566580534963208
-2.676909043190815
0.120608102304208
3.536765174202088
0.578939819090948
-2.540632875994022
4.300335620049281
1.156273383451627
1.486638140024716
5.19995171672292
-1.569258944246874
1.812544443103578
-3.588740972931184
3.341045984016926
-0.020075700047198
-0.731109784194814
1.498310434048456
-0.808899269848421
-1.399320109844329
3.8686572681451
-1.256176036645122
6.276371891950306
-0.351980121091088
0.759270247642963
3.978418629956567
5.146863670321576
1.813033845789782
4.176409635368642
0.674871845317504
1.953806173483107
4.326053310433931
0.548656668249965
0.16619422097626
-0.138673592590169
4.955919114124621
5.398250134341993
-2.42514968531904
-0.363975560081653
2.576838526121378
5.08349631361634
3.788864988551486
-0.487204397900558
-1.199006689109818
-0.574468721091863
-1.558043309397634
2.342896557715851
4.343200883330866
-1.911571412054533
-2.539222635196949
-2.718834570981894
-1.571948765910435
0.09864205946633
-1.827426539583868
2.745057641576186
3.638713140810319
2.684040347952696
-1.576638496822156
-2.940041969573632
4.093821431653101
6.004512646745692
4.923473593753886
1.541967136487407
1.162188272796384
-3.175376415722626
4.574210687295596
-3.100758896823163
2.699383664570834
3.586870470081586
3.47897372279372
3.932369404366643
-4.934261770375177
2.514511060088315
0.259472561903597
0.729155109688625
-4.062781616167666
4.499934504247122
5.480624514945563
0.330828038692238
-1.457635508197998
0.14760388361767
-2.834516586248809
-1.385836934966914
-2.884239456667106
-2.24956527806276
2.616787261940295
-2.568719065383938
-2.313985254430085
-5.123086077697075
-5.314965401086928
4.067647146321002
-4.945186446123843
-0.311996853834681
1.251803318159062
1.393629642905472
2.811181878414976
-1.983851615395261
0.678899010189317
-4.865623400133867
-1.948749408528389
-1.336663434245026
-1.202117301140366
-3.331612300472514
-4.591713324387241
4.483037308185635
-6.031951198987308
-4.220809999597056
-6.488003609032467
-2.525926773019322
2.722488765269249
3.927621441414614
-4.63404017850651
1.120837180480053
-4.607620293043009
-1.5715479755893
-6.091233192948313
0.751334626227693
-1.242484413161091
-5.636025700945601
-1.05499526975249
-1.891994126895002
0.684192614562103
-4.806164448515238
1.761050645261848
-0.274005938530805
2.346079288140746
-0.281439463585449
-0.280221487358412
0.246142472343082
3.613687865796004
3.376778992161903
-3.276215818182972
-0.946319627862726
-0.512164173846552
-6.233957144859753
-2.390394023373454
-4.657079289920601
-3.011155617052951
2.74278202229983
-2.721558160730448
-1.990974603653083
0.365701509341949
3.371206931875006
2.99866529135205
2.039010383460786
-3.07794753514726
3.039236672091467
2.161145368265914
-3.464592461312154
-3.652039945400908
-1.960532874830653
0.118393754257318
-2.07258006248336
2.694122530402415
2.081866313436357
-5.846848944810735
1.230295038826205
0.320659007363103
-3.043354056233513
-0.237678198340501
2.848503720920567
-4.344097716906029
-5.295073065978723
-3.754474953823116
-6.34722857365906
2.59470367191534
5.085773321890329
0.611074483521175
0.969073397385691
4.362444516717307
1.124586613665871
0.364564671779328
-3.405331626466558
-0.369000245023448
-3.41672338543997
-2.952383955318851
4.113438793273043
0.054087085349029
-0.727186069096424
-2.216851273435093
2.628990798240513
1.251402803725713
5.519325289830691
0.720764203164241
-1.314296980156338
-1.972401177532149
-2.819956909339026
1.498976403939859
0.648029990988022
-0.714501968690739
3.095506124779982
-3.017445929747374
3.781965541888032
3.450201192742414
0.189718812274907
1.022360917846037
4.217396487869837
0.06630590452933
2.216173114918898
5.590983518081405
-2.948439393851667
-3.109287416281182
0.31319508242853
5.728286139349463
4.452503328175647
3.776544712897281
4.217970454689961
3.905691342832384
3.248851676026492
2.097627267731268
1.398450262763775
-2.974742978746091
-5.074333866138789
4.904298471988785
-2.809877234862341
2.371492402881709
-2.239589264283507
2.78129627735057
-1.789505153892817
3.733367610800464
2.190200922941244
4.238127201350301
-0.658710466675981
4.047033704729447
3.553595159166641
5.240074930181021
-1.463819387311805
4.671798589777767
-4.424776693746168
5.30149263513111
-2.606970702114397
-2.945087020892489
-0.501969128929274
-0.815570454847718
0.303373911303647
4.176950674844172
-4.172711514531769
-2.93262226439798
-1.442452116357878
0.931847236758158
-0.491131333902582
-0.104790863018066
2.14960315781066
-0.069660004537002
0.457431443574472
-3.372885191934332
0.201173555684271
1.189328644537474
0.916551275311525
1.833634384401165
5.657904584934856
-1.428866410308266
1.123465704262187
4.584830280686164
4.361817845907815
-2.86803437026193
5.107662317947472
4.092249867319407
1.635718854516373
0.998693389666482
-3.665261805610054
0.091754442120754
-2.681394885294972
-2.971528992147746
-0.836410467591798
-1.589580640721203
2.269529244542944
1.294859359205283
3.595540493387378
-5.23054410648615
5.271616052092908
6.119561145985012
-4.160799571386524
0.687466148388283
0.89756977152667
5.539540857077031
-1.344720477525687
4.328745511820143
4.385275319390288
-1.987095987151245
-2.833889710530117
-3.370547608997906
-1.780662988328173
-0.062726852595927
-0.480438038685321
3.834823010437683
-2.281722209699611
1.279144562432884
-2.806601974983785
4.874781098310301
4.842969179803423
-4.573095004466938
-1.109217102597642
-2.808701001469122
1.245760185537314
1.047014765615046
1.238033019942385
-2.384396256286938
-0.43976930971039
-0.779901318562568
-3.114907450202078
-4.380923961294199
2.638095103823877
1.196426819727415
-3.934561405478861
3.382590737107977
-3.016808969884118
2.950153712759322
-5.527308373711112
3.628403045328481
0.046012374580079
1.702217137548747
-1.989249992450608
-4.639904089032858
-5.553313016804417
4.325734095817412
-2.364276522836829
2.757636540563232
2.969162065034236
-1.358053967538226
2.027772161436661
-3.881897296866887
0.900053423575778
-0.611928425383427
-5.165019044109668
-1.172721937752103
3.988449577473905
-3.654253317684012
1.246735203126809
-4.216651843263139
-3.916221960793436
3.307003907271854
0.149004358813302
-6.99707723452695
-5.443258628866534
-3.062578382771995
-2.210827733299344
3.638140522964498
3.482103609249747
-6.396903172622043
2.261557683268016
4.081137080609875
1.841167227720287
3.010098191997552
-3.248502912155023
-3.345018270440574
-3.245038344675972
-2.294932349919718
-5.95829174172408
-5.265660139999763
2.326124692704455
-5.188747678065138
-6.086062623218787
-4.603662470799469
-1.953651036688931
-1.026248438062616
-3.919196307671452
4.342810250858073
1.280962575562821
-4.589150376497368
-3.505805159662454
1.194682570394956
-1.168617085813901
1.009253850372032
-5.507016034341861
-3.549494452018933
-2.627680014792384
4.869841353258989
-0.628524875675933
-1.353614769803304
-2.723793047986133
3.558308017418944
0.265676292697071
5.034968381611993
-4.780138531721707
0.436494855302993
