0.929827
0.90441
1.02413
1.04302
0.981921
1.00919
1.17323
0.99102
0.962472
0.780717
0.779816
0.754884
0.800613
0.852112
0.901888
1.13633
1.23056
1.15629
1.24963
1.15708
1.02665
0.884415
0.706552
0.80861
0.785166
0.687837
0.589088
0.666449
0.683091
0.792338
0.79622
0.771145
0.782639
0.671888
0.556206
0.555355
0.741286
0.869323
0.928004
0.853353
0.778328
0.65464
0.695409
0.657196
0.600745
0.672101
0.698969
0.533332
0.505293
0.515494
0.569658
0.583328
0.602419
0.523997
0.619566
0.609366
0.560608
0.573525
0.743148
0.913424
0.827096
0.756913
0.673899
0.564137
0.635861
0.438605
0.258694
0.366301
0.3909
0.418331
0.490529
0.541651
0.616625
0.510026
0.469193
0.370935
0.241107
0.0267353
-0.189609
-0.136632
-0.136429
-0.243576
-0.258766
-0.178267
-0.226136
-0.133554
-0.364734
-0.501274
-0.683617
-0.805493
-0.716023
-0.596191
-0.680329
-0.723389
-0.785279
-0.819086
-0.901205
-0.896107
-0.831321
-0.967915
-0.979737
-1.09728
-1.18028
-1.07982
-1.03811
-1.218
-1.27986
-1.20208
-1.27948
-1.25291
-1.21888
-1.21882
-1.24137
-1.15529
-1.14789
-1.04885
-0.929755
-1.0958
-1.20333
-1.12981
-1.05514
-0.970568
-1.05371
-1.11911
-1.10853
-1.09693
-1.02114
-1.01494
-0.82477
-0.910883
-0.883426
-0.79679
-0.779522
-0.847557
-0.815752
-0.942708
-0.87094
-0.838825
-0.831027
-0.711561
-0.703475
-0.822822
-0.653049
-0.462718
-0.373688
-0.339252
-0.342604
-0.338029
-0.411933
-0.363752
-0.280721
-0.242369
-0.289902
-0.26827
-0.220211
-0.176807
-0.0910763
-0.134183
-0.19728
-0.282309
-0.158093
-0.185958
0.00586204
-0.0899476
-0.154398
-0.107754
-0.053898
0.0235471
0.122441
0.112013
0.169362
0.152093
0.167874
0.160575
0.168321
0.218711
0.296362
0.513779
0.510277
0.437465
0.478128
0.474678
0.516263
0.660878
0.778276
0.887682
0.983804
0.9192
1.06438
1.06973
1.01298
1.14849
1.05074
0.876047
0.948029
0.897563
0.888546
1.05954
1.01181
0.999468
1.0115
1.06699
1.12705
1.14427
1.02964
1.16473
1.1523
1.29992
1.27179
1.22254
1.1029
1.11467
1.11566
1.1841
1.1955
1.14274
1.07985
1.18076
1.1226
1.18695
1.1587
1.14203
1.24124
1.32113
1.26063
1.36849
1.40199
1.3594
1.34544
1.48169
1.40153
1.29957
1.18431
1.06044
1.06867
0.995943
0.915866
1.00931
0.894071
0.93038
1.04469
1.07484
1.05675
1.21077
1.21146
1.13613
1.18734
1.13023
1.19331
1.12943
1.08922
1.02316
0.893554
0.74186
0.663116
0.674964
0.654254
0.601523
0.606489
0.587034
0.659161
0.576835
0.462228
0.462356
0.385416
0.222074
0.302251
0.196537
0.114813
0.071766
0.0437022
0.066627
0.0235925
0.0515231
0.132183
0.0494512
-0.124978
-0.246966
-0.269379
-0.320903
-0.224118
-0.175573
-0.137023
-0.0882646
-0.105371
-0.0926382
-0.113656
-0.157829
-0.26458
-0.462826
-0.627967
-0.651513
-0.583567
-0.650488
-0.735106
-0.654664
-0.660105
-0.762283
-0.677277
-0.561458
-0.647537
-0.713953
-0.561527
-0.539091
-0.423545
-0.453834
-0.596483
-0.716529
-0.681131
-0.678887
-0.720412
-0.538716
-0.386608
-0.334009
-0.273511
-0.206301
-0.257637
-0.260216
-0.229152
-0.259113
-0.323131
-0.401666
-0.455213
-0.473999
-0.402681
-0.482196
-0.409437
-0.476285
-0.518387
-0.464617
-0.480646
-0.478986
-0.584914
-0.733584
-0.867614
-0.811582
-0.757411
-0.773739
-0.547945
-0.464576
-0.335654
-0.39037
-0.280164
-0.25386
-0.236176
-0.245174
-0.148576
0.013635
0.0213996
-0.0619725
0.0121331
0.114047
0.0588746
0.0127018
-0.00541686
-0.0461193
0.019444
0.0890179
0.0354187
0.169319
0.212823
0.217623
0.0453196
0.085115
0.0201176
0.110007
-0.0305341
-0.0416526
-0.000503465
-0.0836532
-0.066416
0.0645106
0.112419
0.0910439
-0.0604458
-0.0394032
-0.143064
-0.0367789
0.016493
-0.0442815
-0.0637929
0.0854823
0.301701
0.321423
0.44627
0.320765
0.29057
0.361873
0.253004
0.246082
0.265582
0.223064
0.0124792
0.0578467
0.100746
0.122086
0.0573739
-0.0270664
0.000653076
0.0252032
-0.0700796
-0.023623
0.0664451
0.10413
0.0963648
0.094401
0.161436
0.209601
0.265849
0.297221
0.310747
0.264841
0.277331
0.130786
0.179823
0.121175
0.150968
0.186731
0.289043
0.360276
0.380626
0.359426
0.308138
0.281305
0.359297
0.578237
0.781074
0.710765
0.751954
0.773157
0.732043
0.594387
0.437432
0.594885
0.459871
0.630096
0.636817
0.487501
0.582305
0.550398
0.515277
0.562826
0.673009
0.54614
0.407452
0.356712
0.297117
0.288749
0.298594
0.33565
0.392027
0.406333
0.418391
0.404039
0.290735
0.393027
0.428971
0.311114
0.355332
0.320948
0.309935
0.279666
0.287686
0.19286
0.216743
0.19039
0.173562
0.0838095
-0.00358866
-0.119642
-0.221242
-0.244938
-0.262363
-0.181258
-0.295795
-0.448605
-0.532641
-0.424443
-0.441471
-0.523142
-0.47538
-0.392394
-0.260462
-0.332416
-0.267554
-0.303244
-0.344257
-0.255758
-0.426343
-0.373317
-0.366399
-0.375693
-0.406528
-0.295723
-0.207694
-0.238749
-0.113068
-0.175566
-0.34208
-0.37508
-0.375203
-0.52696
-0.701849
-0.660198
-0.546073
-0.727131
-0.865666
-0.816403
-0.814552
-0.866117
-0.940685
-0.957081
-0.918134
-0.744824
-0.72018
-0.565694
-0.556437
-0.427721
-0.448701
-0.475733
-0.420421
-0.501592
-0.364282
-0.483012
-0.498656
-0.490242
-0.558715
-0.67559
-0.718674
-0.701648
-0.672236
-0.733419
-0.818493
-0.88883
-0.961747
-0.938473
-0.8812
-0.86205
-0.77368
-0.743002
-0.852334
-0.778045
-0.819016
-0.963779
-0.899612
-0.803004
-0.909579
-0.822324
-0.864542
-0.812138
-0.714789
-0.661633
-0.567338
-0.608886
-0.681195
-0.668188
-0.502589
-0.515923
-0.532354
-0.653927
-0.5138
-0.482567
-0.528728
-0.559951
-0.683458
-0.782971
-0.619656
-0.740626
-0.658216
-0.541241
-0.432297
-0.441792
-0.497063
-0.447208
-0.345415
-0.203348
-0.041457
-0.0156359
-0.0358575
0.0594567
0.0236506
-0.0411914
0.0334522
0.132147
0.220706
0.265054
0.226704
0.260694
0.213835
0.275343
0.36322
0.268903
0.35742
0.413388
0.336623
0.365024
0.401525
0.481576
0.575779
0.580752
0.583337
0.723765
0.7343
0.867206
0.934711
1.04369
1.05742
1.06641
1.05835
1.14371
1.16894
1.25781
1.26007
1.23505
1.37648
1.481
1.47303
1.52338
1.41776
1.38786
1.26456
1.35783
1.45006
1.44473
1.39831
1.21834
1.09557
1.15108
1.11212
1.09628
1.15748
1.26197
1.14443
1.06251
1.11465
1.13074
1.26059
1.25518
1.3502
1.21987
1.31176
1.26437
1.28839
1.3763
1.47387
1.47514
1.40158
1.32634
1.33857
1.33797
1.17715
1.16421
1.23756
1.16065
1.118
1.08187
0.938663
0.899973
0.838964
0.796746
0.749964
0.590624
0.592848
0.497665
0.339829
0.319512
0.144831
0.148335
0.197352
0.236714
0.324098
0.237563
0.164277
0.105196
0.117006
0.144649
0.152046
0.0834404
0.0281548
0.0629144
-0.130499
-0.268596
-0.366823
-0.358541
-0.385968
-0.427505
-0.618656
-0.627078
-0.742474
-0.710398
-0.923707
-0.846665
-0.925502
-1.10996
-1.20064
-1.31713
-1.20476
-1.35117
-1.32114
-1.3412
-1.21303
-1.30865
-1.42387
-1.42556
-1.32414
-1.25955
-1.26839
-1.2596
-1.21216
-1.29184
-1.39199
-1.43375
-1.4477
-1.29038
-1.23851
-1.35968
-1.25347
-1.1798
-1.14487
-1.13196
-1.24974
-1.14928
-1.11963
-1.09161
-1.12568
-1.13816
-1.11175
-1.08657
-0.940849
-0.988872
-0.98517
-0.876148
-0.739975
-0.750324
-0.809527
-0.831109
-0.825311
-0.953629
-0.936566
-1.03208
-0.858361
-0.771672
-0.734601
-0.602499
-0.49415
-0.433818
-0.440211
-0.412194
-0.454795
-0.51765
-0.623619
-0.535721
-0.529035
-0.548502
-0.665113
-0.680068
-0.589516
-0.460203
-0.435544
-0.337151
-0.328791
-0.292049
-0.201846
-0.243741
-0.2036
-0.101871
-0.169534
-0.161318
-0.152288
-0.189274
-0.107267
-0.0837042
-0.125601
-0.0119857
0.172875
0.153117
0.088563
0.136278
0.196962
0.244375
0.436842
0.496596
0.568297
0.694141
0.740847
0.711846
0.739233
0.743648
0.916823
0.98757
0.983106
0.836599
0.880003
0.824831
0.81225
0.833562
0.911034
0.965966
1.05429
1.19369
1.35754
1.246
1.33835
1.2644
1.41477
1.31005
1.22612
1.10569
1.07496
1.10732
1.23031
1.20325
1.11462
1.07281
1.10574
1.034
1.09226
1.05961
0.989211
0.994566
0.906661
0.826336
0.848797
0.822804
0.747657
0.919784
0.953393
0.969598
0.946729
0.944915
0.812023
0.829817
0.833549
0.801286
0.779307
0.678033
0.739363
0.787222
0.629705
0.669174
0.589953
0.680135
0.650407
0.758108
0.578829
0.640458
0.678086
0.608045
0.540853
0.487733
0.493722
0.496104
0.489243
0.665444
0.519672
0.515134
0.506624
0.481051
0.496108
0.480431
0.473589
0.511409
0.595644
0.568361
0.64722
0.753902
0.664536
0.599359
0.544578
0.560345
0.648743
0.66948
0.598006
0.570879
0.518608
0.343152
0.284111
0.314404
0.246636
0.0807079
0.20572
0.043231
0.0203891
-0.122871
-0.0702773
0.00394823
0.0361575
0.0500003
0.0166328
-0.0777052
0.0406011
-0.052075
-0.0228195
-0.035347
0.0421027
-0.0227741
-0.222803
-0.121586
-0.147574
-0.268826
-0.403071
-0.296408
-0.456068
-0.518839
-0.56343
-0.585076
-0.451525
-0.412932
-0.551619
-0.650875
-0.788823
-0.787405
-0.740226
-0.614451
-0.839885
-0.891513
-0.718429
-0.659421
-0.543045
-0.63293
-0.720771
-0.810432
-0.808643
-0.919013
-1.00873
-0.899908
-0.916065
-1.09055
-1.20655
-1.16693
-1.25511
-1.27316
-1.2453
-1.10914
-1.27349
-1.34452
-1.35468
-1.33826
-1.22528
-1.22435
-1.38186
-1.38713
-1.34488
-1.41684
-1.41675
-1.51178
-1.36297
-1.37566
-1.26272
-1.25503
